
 start= 2021-04-05 15:05:42.155911, end= 2021-04-05 15:05:42.155911 

 start= 2021-04-05 15:06:23.368292, end= 2021-04-05 15:06:23.368292 

 start= 2021-04-05 15:06:51.216978, end= 2021-04-05 15:06:51.216978 
